(1001,77.833336)
(1002,70.666664)
(1003,76.833336)
(1004,77.166664)
(1005,69.833336)
(1006,77.833336)
(1007,70.666664)
(1008,77.5)
(1009,75.666664)
(1010,70.5)
(1011,72.166664)
(1012,69.5)
(1013,70.5)
(1014,76.0)
(1015,75.666664)
(1016,72.833336)
(1017,72.5)
(1018,74.0)
(1019,73.333336)
(1020,76.833336)
(1021,81.333336)
(1022,77.833336)
(1023,66.166664)
(1024,75.166664)
(1025,71.5)
(1026,80.5)
(1027,72.166664)
(1028,73.0)
(1029,68.666664)
(1030,74.666664)
(1031,66.5)
(1032,75.833336)
(1033,73.166664)
(1034,68.333336)
(1035,68.166664)
(1036,73.833336)
(1037,75.0)
(1038,73.5)
(1039,78.833336)
(1040,73.666664)
(1041,70.666664)
(1042,72.833336)
(1043,65.666664)
(1044,76.833336)
(1045,74.0)
(1046,81.666664)
(1047,66.5)
(1048,70.5)
(1049,71.333336)
(1050,72.5)
(1051,64.166664)
(1052,85.333336)
(1053,71.166664)
(1054,75.833336)
(1055,60.833332)
(1056,73.0)
(1057,73.333336)
(1058,82.0)
(1059,75.833336)
(1060,70.5)
(1061,74.0)
(1062,69.166664)
(1063,71.333336)
(1064,78.666664)
(1065,83.833336)
(1066,70.166664)
(1067,72.0)
(1068,70.333336)
(1069,78.333336)
(1070,74.166664)
(1071,74.833336)
(1072,73.0)
(1073,69.333336)
(1074,71.666664)
(1075,76.666664)
(1076,67.333336)
(1077,65.0)
(1078,79.333336)
(1079,68.333336)
(1080,69.166664)
(1081,68.166664)
(1082,68.5)
(1083,70.0)
(1084,65.833336)
(1085,74.5)
(1086,76.5)
(1087,70.5)
(1088,65.166664)
(1089,73.0)
(1090,75.333336)
(1091,73.5)
(1092,74.0)
(1093,68.0)
(1094,69.5)
(1095,68.333336)
(1096,85.166664)
(1097,67.833336)
(1098,76.333336)
(1099,71.166664)
(1100,72.0)
